TOP SECRET//S|/TK//NOFORN

 

Resource Exhibit No. 1A
National Intelligence Program
Funds by Program

FY 2011 — FY 2017

This Exhibit is SECRET/INOFORN

(Dollars in Thousands)

 

FY 2012 — FY 2013

 

 

 

 

 

 

 

 

 

 

 

 

 

 

 

 

Change FY 2013 —
FY 2011 FY 2012 FY 2013 FY 2013 FY 2013 FY 2017
Program Actual Appropriated Base 0C0 Request Funds Percent Total1
CCP 10,737,163 10,514,035 10,036,851 730,914 10,767,765 253,730 2 50,652,537
CIAP 14,652,379 15,332,901 12,037,708 2,672,317 14,710,025 -622,876 -4 64,567,982
CIARDS 292,000 513,700 514,000 7 514,000 300 7 2,570,000
CMA 2,063,394 1,870,255 1,676,387 7 1,676,387 -193,868 -10 10,274,665
DHS 275,136 307,359 284,332 7 284,332 -23,027 -7 1,462,089
DOD-FCIP 517,720 505,895 456,475 72,485 528,960 23,065 5 2,487,905
DOJ 2,978,329 3,010,795 3,019,958 7 3,019,958 9,163 7 15,596,944
Energy 163,700 186,699 188,619 7 188,619 1,920 1 943,095
GDIP 4,767,009 4,815,583 3,655,662 774,480 4,430,142 -385,441 -8 19,901,677
NGP 5,227,945 5,041,569 4,339,195 539,735 4,878,930 -162,639 -3 22,786,959
NRP 11,401,745 10,411,335 10,268,773 53,150 10,321,923 -89,412 -1 54,842,860
SRP 1,466,792 1,267,751 1,099,820 33,784 1,133,604 -134,147 -11 6,010,922
State 68,773 68,203 72,655 7 72,655 4,452 7 377,056
Treasury 27,422 27,123 27,297 7 27,297 174 1 138,274
NIP Total 54,639,507 53,873,203 47,677,732 4,876,865 52,554,597 -1,318,606 -2 252,612,965
1FY 2013-2017 Total includes the OCO Request for FY 2013 only.
TOP SECRET//S|/TK//NOFORN 133

