TOP SECRET//S|/TK//NOFORN

 

Resource Exhibit No. 2A

National Intelligence Program

Funds by Program and Service/Agency

FY 2011 - FY 2017

This Exhibit is SECRET/INOFORN

(Dollars in Thousands)

 

FY 2012 - FY 2013

 

 

 

 

 

 

 

 

 

 

 

 

 

 

 

 

 

 

 

 

 

 

 

 

 

 

 

 

 

 

 

 

 

 

 

 

 

 

 

 

 

Change
Service/ FY 2011 FY 2012 FY 2013 FY 2013 FY 2013 — FY 2013 -
Program Agency Actual Appropriated Base 0C0 Request Funds Percent FY 2017 Total1
Department of Defense, NIP
CCP Air Force 164,934 168,497 157,833 3,523 161,356 -7, 141 -4 830,815
Army 108,003 107,912 74,444 21,603 96,047 -11,865 — 11 397,401
15131:? 7 837 1,046 7 1,046 209 25 5,404
NSA 10,394,017 10,177,996 9,750,818 705,788 10,456,606 278,610 3 49,141,080
Navy 70,209 58,793 52,710 7 52,710 -6,083 —10 277,837
CCP Total 10,737,163 10,514,035 10,036,851 730,914 10,767,765 253,730 2 50,652,537
CIAP CIA 14,652,379 15,332,901 12,037,708 2,672,317 14,710,025 -622,876 -4 64,567,982
CIAP Total 14,652,379 15,332,901 12,037,708 2,672,317 14,710,025 -622,876 .4 64,567,982
CMA Air Force 1,390,793 1,322,364 1,136,135 7 1,136,135 -186,229 — 14 7,384,743
CMA Total 1,390,793 1,322,364 1,136,135 7 1,136,135 .186,229 .14 7,384,743
DoD-FCIP Air Force 122,927 103,393 87,322 9,903 97,225 -6, 168 -6 462,967
Army 97,857 98,039 91,432 19,360 110,792 12,753 13 510,468
DIA 162,829 171,927 137,672 30,552 168,224 -3,703 -2 760,843
DSS 3,588 3,625 7,386 7 7,386 3,761 104 36,720
DTRA 5,593 6,605 9,308 7 9,308 2,703 41 43,821
Navy 124,926 122,306 123,355 12,670 136,025 13,719 11 673,086
DoD-FCIP Total 517,720 505,895 456,475 72,485 528,960 23,065 5 2,487,905
GDIP Air Force 708,306 731,191 610,153 6,844 616,997 -114,194 — 16 3,442,093
Army 267,515 266,867 200,066 23,480 223,546 -43,321 - 16 1,033,545
DIA 3,225,544 3,267,174 2,412,077 739,613 3,151,690 -115,484 -4 13,186,766
1513:)? 7 7 479 7 479 479 7 2,173
Navy 488,152 477,668 432,887 4,543 437,430 -40,238 -8 2,237,100
SOCOM 77,492 72,683 7 7 7 -72,683 -100 7
GDIP Total 4,767,009 4,815,583 3,655,662 774,480 4,430,142 -385,441 -8 19,901,677
NGP Air Force 101,540 112,930 114,383 7 114,383 1,453 1 522,051
Army 47,802 52,620 49,052 7 49,052 -3,568 -7 264,527
NGA 5,068,107 4,860,907 4,160,116 539,676 4,699,792 -161,115 —3 21,912,709
Navy 10,496 15,112 15,644 59 15,703 591 4 87,672
N GP Total 5,227,945 5,041,569 4,339,195 539,735 4,878,930 .162,639 .3 22,786,959
NRP NRO 11,401,745 10,411,335 10,268,773 53,150 10,321,923 -89,412 -1 54,842,860
NRP Total 11,401,745 10,411,335 10,268,773 53,150 10,321,923 -89,412 .1 54,842,860
SRP Navy 1,466,792 1,267,751 1,099,820 33,784 1,133,604 —134,147 —11 6,010,922
SRP Total 1,466,792 1,267,751 1,099,820 33,784 1,133,604 .134,147 .11 6,010,922
gsfsrtmem 0f Defense’ N [P 50,161,546 49,211,433 43,030,619 4,876,865 47,907,484 —1,303,949 —3 228,635,585
Non-Defense, NIP
CIARDS CIARDS 292,000 513,700 514,000 7 514,000 300 0 2,570,000
CIARDS Total 292,000 513,700 514,000 7 514,000 300 0 2,570,000
CMA CMA 672,601 547,891 540,252 7 540,252 -7,639 -1 2,889,922
CMA Total 672,601 547,891 540,252 7 540,252 -7,639 .1 2,889,922

 

TOP SECRET//S|/TK//NOFORN 135

