TOP SECRET//S|/TK//NOFORN

 

Resource Exhibit No. 5

National Intelligence Program
Budget Authority by Program and Appropriation

FY 2011 - FY 2017

This Exhibit is SECRET/INOFORN

(Dollars in Thousands)

 

 

 

 

 

 

 

 

 

 

 

 

 

 

 

 

 

 

 

 

 

 

 

 

 

 

 

 

 

 

 

 

 

 

 

 

 

 

 

 

 

 

 

Program Appropriation FY 2011 FY 2012 FY 20131 FY 2014 FY 2015 FY 2016 FY 2017
CCP Fam Hsg Con, AF 50 50 7 7 7 7 7
Farm Hsg 0&M, AF 4,052 4,119 3,463 3,438 3,406 3,482 3,642
Fam Hsg 0&M, DW 10,402 10,250 10,973 11,147 11,335 11,527 11,883
MilCon, DW 707,947 361,753 562,030 507,553 125,698 53,000 47,321
0&M, A 108,003 107,912 96,047 72,698 74,711 76,287 77,658
0&M, AF 160,832 164,328 157,893 162,002 161,848 164,988 166,653
0&M, DW 6,644,135 6,807,617 7,007,018 6,757,464 6,758,435 6,967,731 7,056,018
0&M, MC 7 837 1,046 1,061 1,081 1,101 1,115
0&M, N 70,209 58,793 52,710 54,756 55,810 56,932 57,629
P, DW 403,589 336,503 369,762 348,313 323,805 324,545 322,735
RDT&E, DW 2,627,944 2,661,873 2,506,823 2,370,319 2,248,074 2,221,552 2,206,019
CCP Total 10,737,163 10,514,035 10,767,765 10,288,751 9,764,203 9,881,145 9,950,673
CIAP OP, AF 14,652,379 15,332,901 14,710,025 12,109,861 12,299,144 12,633,506 12,815,446
CIAP Total 14,652,379 15,332,901 14,710,025 12,109,861 12,299,144 12,633,506 12,815,446
CIARDS CIARDS 292,000 513,700 514,000 514,000 514,000 514,000 514,000
$1):an 292,000 513,700 514,000 514,000 514,000 514,000 514,000
CMA ICMA 672,601 547,891 540,252 566,850 578,665 597,119 607,036
RDT&E, AF 1,390,793 1,322,364 1,136,135 1,382,639 1,650,208 1,511,045 1,704,716
CMA Total 2,063,394 1,870,255 1,676,387 1,949,489 2,228,873 2,108,164 2,311,752
DHS 3g?“ and Operations’ 223,299 231,542 205,085 206,932 210,449 214,026 218,094
gifiiﬁigggﬁder secretary 29,150 28,100 28,146 28,397 28,883 29,374 29,928
Operating Expenses 22,687 47,717 51,101 51,560 52,438 53,332 54,344
DHS Total 275,136 307,359 284,332 286,889 291,770 296,732 302,366
DOJ Construction 105,095 78,982 78,982 80,326 81,693 83,081 84,577
Salaries and Expenses, DEA 13,578 13,647 14,123 14,362 14,605 14,851 15,118
Salaries and Expenses, FBI 2,859,656 2,918,166 2,926,853 2,973,857 3,021,655 3,070,260 3,122,601
DOJ Total 2,978,329 3,010,795 3,019,958 3,068,545 3,117,953 3,168,192 3,222,296
DoD-FCIP BRAC 21 7 7 7 7 7 7
0&M, A 97,444 97,616 110,358 95,410 98,543 101,479 102,431
0&M, AF 120,818 101,244 95,040 84,986 88,193 91,329 92,117
0&M, DW 159,996 170,114 179,886 151,252 156,524 164,933 165,868
0&M, MC 507 1,632 4,329 4,857 5,437 5,224 5,347
0&M, N 124,419 120,674 129,494 123,291 127,003 130,399 131,587
OP, A 413 423 434 441 449 457 466
OP, N 7 7 1,001 7 7 7 7
P, MC 7 7 1,201 800 800 1,500 816
RDT&E, AF 2,109 2,149 2,185 2,221 2,258 2,296 2,342
RDT&E, DW 11,993 12,043 5,032 4,998 4,947 3,999 3,945
”[13th 1F CIP 517,720 505,895 528,960 468,256 484,154 501,616 504,919
Energy Other Defense Activities 163,700 186,699 188,619 188,619 188,619 188,619 188,619
Energy Total 163,700 186,699 188,619 188,619 188,619 188,619 188,619
144 TOP SECRET//S|/TK//NOFORN

