TOP SECRET//S|/TK//NOFORN

 

Resource Exhibit No. 5 (continued) (Dollars in Thousands)
National Intelligence Program

Budget Authority by Program and Appropriation

FY 2011 - FY 2017

This Exhibit is SECRET/INOFORN

 

 

 

 

 

 

 

 

 

 

 

 

 

 

 

 

 

 

 

 

 

 

 

 

 

 

 

 

 

 

 

 

 

 

 

 

 

 

 

 

 

 

 

 

Program Appropriation FY 2011 FY 2012 FY 20131 FY 2014 FY 2015 FY 2016 FY 2017
GDIP AP, AF 12,909 16,502 20,164 16,991 17,463 12,018 9,303
BRAC 5,022 7 7 7 7 7 7
Farm Hsg O&M, DW 38,548 39,251 39,993 40,628 41,318 42,020 42,872
MilCon, AF 78,851 79,000 7 7 7 7 7
MilCon, DW 2,994 30,584 2,919 7 7 7 7
O&M, A 260,679 259,869 218,177 200,632 192,443 195,603 198,911
O&M, AF 514,077 549,487 525,873 529,506 602,706 619,833 633,745
O&M, DW 3,090,315 3,109,351 2,976,404 2,281,670 2,329,035 2,365,332 2,403,146
O&M, MC 7 38,561 35,658 33,738 33,046 33,542 34,062
O&M, N 406,086 352,233 338,887 345,820 348,602 354,775 360,840
OP, A 2,908 2,975 1,270 1,291 1,313 1,341 1,368
OP, AF 60,555 29,415 24,573 41,394 56,888 67,947 61,414
OP, N 21,608 14,402 12,062 10,108 10,132 10,243 10,466
P, DW 46,072 39,035 24,991 37,258 24,771 20,846 21,120
P, MC 7 7 479 446 410 415 423
RDT&E, A 3,928 4,023 4,099 4,163 4,235 4,306 4,393
RDT&E, AF 41,914 56,787 46,387 52,482 43,036 30,531 29,839
RDT&E, DW 120,085 121,636 107,383 96,022 95,992 96,345 96,701
RDT&E, N 60,458 72,472 50,823 51,131 53,612 54,211 55,342
GDIP Total 4,767,009 4,815,583 4,430,142 3,743,280 3,855,002 3,909,308 3,963,945
NGP BRAC 134,297 1,791 7 7 7 7 7
MilCon, DW 7 63,878 7 7 7 7 265,504
O&M, A 47,306 50,437 46,792 51,112 52,464 51,053 50,624
O&M, AF 72,629 82,585 82,508 82,706 82,247 78,570 74,225
O&M, DW 3,786,519 3,765,161 3,622,550 3,079,112 3,174,373 3,165,183 3,264,611
O&M, MC 1,859 4,720 6,976 7,441 7,901 7,281 7,336
O&M, N 8,141 8,280 7,601 8,059 8,535 8,413 8,567
OP, A 7 1,670 1,731 1,822 1,948 2,088 2,130
P, DW 271,191 188,749 194,051 199,672 228,300 272,839 146,748
P, MC 7 1,606 610 3,208 1,292 901 908
RDT&E, A 496 513 529 543 560 560 571
RDT&E, AF 28,911 30,345 31,875 28,684 29,483 18,364 13,389
RDT&E, DW 876,100 841,328 883,191 809,324 907,295 931,652 768,304
RDT&E, N 496 506 516 523 531 531 542
NGP Total 5,227,945 5,041,569 4,878,930 4,272,206 4,494,929 4,537,435 4,603,459
NRP MslP, AF 805,106 768,980 1,097,483 1,378,812 1,908,564 1,662,508 1,438,311
O&M, AF 52,831 49,729 57,086 59,257 61,019 62,832 65,625
O&M, N 20,757 27,012 22,943 23,821 24,536 25,272 26,420
OP, AF 2,279,991 2,338,408 2,269,031 2,299,888 2,491,919 2,630,320 2,719,955
RDT&E, AF 8,243,060 7,227,206 6,875,380 6,568,544 6,511,225 7,018,456 7,543,653
NRP Total 11,401,745 10,411,335 10,321,923 10,330,322 10,997,263 11,399,388 11,793,964
SRP RDT&E, N 1,466,792 1,267,751 1,133,604 1,137,278 1,218,707 1,248,078 1,273,255
SRP Total 1,466,792 1,267,751 1,133,604 1,137,278 1,218,707 1,248,078 1,273,255

 

TOP SECRET//S|/TK//NOFORN 145

